Rank Team G W-L Plays YDS Yds/Play Off TDs Opp TDs YPG 
1 Boston College 5 3-2 273 700 2.56 2 4 140.0 
2 Michigan 5 4-1 297 920 3.10 4 5 184.0 
3 North Carolina St. 5 4-1 267 1,129 4.23 8 8 225.8 
4 Pittsburgh 4 3-1 238 975 4.10 8 9 243.8 
5 Northwestern 5 5-0 319 1,237 3.88 3 3 247.4 
6 Kent St. 5 2-3 341 1,260 3.70 14 17 252.0 
7 Boise St. 5 4-1 340 1,301 3.83 6 8 260.2 
8 Missouri 5 4-1 329 1,318 4.01 7 7 263.6 
9 Duke 5 4-1 342 1,349 3.94 5 6 269.8 
10 Alabama 5 4-1 342 1,367 4.00 9 9 273.4 
11 Appalachian St. 4 3-1 247 1,112 4.50 6 7 278.0 
- Wisconsin 5 3-2 305 1,390 4.56 6 6 278.0 
13 Florida St. 4 4-0 272 1,126 4.14 5 5 281.5 
14 Ohio St. 5 5-0 369 1,415 3.83 9 9 283.0 
15 Penn St. 5 4-1 325 1,420 4.37 9 10 284.0 
16 LSU 4 4-0 263 1,174 4.46 11 11 293.5 
17 Georgia 5 4-1 326 1,472 4.52 9 11 294.4 
18 Air Force 4 2-2 238 1,196 5.03 11 12 299.0 
19 Iowa 5 5-0 335 1,499 4.47 7 8 299.8 
20 Wake Forest 5 2-3 293 1,506 5.14 10 12 301.2 
21 Illinois 5 4-1 341 1,517 4.45 9 10 303.4 
22 Florida 5 5-0 339 1,521 4.49 9 9 304.2 
23 Clemson 4 4-0 267 1,219 4.57 6 7 304.8 
24 Oklahoma St. 5 5-0 341 1,550 4.55 10 12 310.0 
25 Akron 5 2-3 340 1,560 4.59 12 13 312.0 
26 Minnesota 5 3-2 353 1,562 4.42 9 11 312.4 
27 Central Mich. 5 2-3 322 1,566 4.86 14 14 313.2 
28 Vanderbilt 5 2-3 339 1,604 4.73 9 11 320.8 
29 Washington 4 2-2 299 1,284 4.29 6 7 321.0 
30 Utah St. 4 2-2 273 1,293 4.74 10 10 323.3 
31 Louisville 5 2-3 339 1,619 4.78 10 12 323.8 
32 Stanford 5 4-1 343 1,638 4.78 11 11 327.6 
33 Oregon St. 4 2-2 259 1,324 5.11 13 14 331.0 
34 Notre Dame 5 4-1 332 1,662 5.01 14 14 332.4 
35 San Jose St. 5 2-3 322 1,665 5.17 19 20 333.0 
- Navy 4 4-0 276 1,332 4.83 7 7 333.0 
37 Georgia Tech 5 2-3 313 1,669 5.33 15 16 333.8 
38 San Diego St. 5 2-3 326 1,673 5.13 13 14 334.6 
39 West Virginia 4 3-1 254 1,349 5.31 7 8 337.3 
40 Iowa St. 4 2-2 277 1,374 4.96 9 10 343.5 
41 Miami (FL) 4 3-1 257 1,376 5.35 10 10 344.0 
- UConn 5 2-3 336 1,720 5.12 12 12 344.0 
43 Marshall 5 4-1 401 1,741 4.34 13 13 348.2 
44 Northern Ill. 5 2-3 380 1,765 4.64 11 13 353.0 
45 Ohio 5 4-1 346 1,769 5.11 9 9 353.8 
46 Virginia Tech 5 2-3 311 1,777 5.71 15 16 355.4 
47 Syracuse 4 3-1 266 1,428 5.37 8 9 357.0 
48 North Carolina 5 4-1 359 1,786 4.97 12 12 357.2 
- Ole Miss 5 4-1 392 1,786 4.56 13 14 357.2 
50 Kansas St. 4 3-1 300 1,436 4.79 8 8 359.0 
51 Arkansas 5 2-3 291 1,796 6.17 12 13 359.2 
52 Colorado St. 5 2-3 337 1,808 5.36 12 13 361.6 
53 Oklahoma 4 4-0 323 1,452 4.50 11 11 363.0 
54 Middle Tenn. 5 2-3 373 1,819 4.88 12 14 363.8 
55 South Fla. 4 1-3 284 1,459 5.14 12 12 364.8 
56 Ga. Southern 5 4-1 322 1,830 5.68 14 15 366.0 
57 Toledo 4 4-0 302 1,467 4.86 4 5 366.8 
58 Kentucky 5 4-1 359 1,842 5.13 13 13 368.4 
59 Arizona St. 5 3-2 369 1,847 5.01 16 18 369.4 
60 Louisiana Tech 5 3-2 342 1,865 5.45 12 14 373.0 
61 Utah 4 4-0 273 1,493 5.47 10 10 373.3 
62 Texas A&M 5 5-0 356 1,874 5.26 12 12 374.8 
63 La.-Monroe 4 1-3 259 1,501 5.80 17 18 375.3 
64 Michigan St. 5 5-0 343 1,884 5.49 12 14 376.8 
65 BYU 5 3-2 339 1,886 5.56 15 15 377.2 
66 Colorado 5 3-2 368 1,902 5.17 13 13 380.4 
67 FIU 5 2-3 364 1,910 5.25 12 14 382.0 
68 UCLA 5 4-1 400 1,911 4.78 11 11 382.2 
69 Mississippi St. 5 3-2 371 1,912 5.15 8 8 382.4 
70 Temple 4 4-0 287 1,532 5.34 7 7 383.0 
71 California 5 5-0 350 1,934 5.53 15 16 386.8 
72 TCU 5 5-0 373 1,936 5.19 15 15 387.2 
73 Army West Point 5 1-4 316 1,937 6.13 15 15 387.4 
74 South Carolina 5 2-3 325 1,944 5.98 16 16 388.8 
75 New Mexico 5 3-2 351 1,947 5.55 15 15 389.4 
- UCF 5 0-5 338 1,947 5.76 17 17 389.4 
77 Arkansas St. 5 2-3 373 1,953 5.24 18 21 390.6 
78 Rutgers 4 2-2 256 1,568 6.13 12 12 392.0 
79 Washington St. 4 2-2 277 1,574 5.68 11 14 393.5 
80 Old Dominion 5 2-3 369 1,970 5.34 18 20 394.0 
81 Cincinnati 5 3-2 339 1,987 5.86 16 18 397.4 
82 Troy 4 1-3 297 1,590 5.35 16 16 397.5 
83 Baylor 4 4-0 306 1,591 5.20 14 14 397.8 
84 Houston 4 4-0 300 1,593 5.31 12 12 398.3 
85 Buffalo 5 2-3 347 2,002 5.77 14 14 400.4 
86 East Carolina 5 3-2 367 2,013 5.49 18 19 402.6 
87 South Ala. 5 3-2 352 2,026 5.76 22 23 405.2 
88 Wyoming 5 0-5 305 2,036 6.68 21 22 407.2 
89 Fla. Atlantic 4 1-3 312 1,634 5.24 12 16 408.5 
90 Southern California 4 3-1 316 1,640 5.19 9 9 410.0 
91 UTSA 5 1-4 355 2,057 5.79 19 23 411.4 
92 Auburn 5 3-2 368 2,060 5.60 16 16 412.0 
93 Tennessee 5 2-3 372 2,070 5.56 15 15 414.0 
94 UNLV 5 2-3 384 2,085 5.43 15 16 417.0 
95 La.-Lafayette 4 1-3 270 1,690 6.26 16 17 422.5 
96 Purdue 5 1-4 383 2,167 5.66 17 21 433.4 
97 Fresno St. 5 1-4 373 2,186 5.86 22 28 437.2 
98 Western Mich. 4 1-3 259 1,750 6.76 17 18 437.5 
99 Memphis 5 5-0 382 2,192 5.74 16 16 438.4 
100 Tulane 4 2-2 304 1,754 5.77 17 18 438.5 
101 Nebraska 5 2-3 358 2,194 6.13 14 14 438.8 
102 Miami (OH) 5 1-4 379 2,203 5.81 22 22 440.6 
103 Oregon 5 3-2 383 2,207 5.76 24 25 441.4 
104 Hawaii 5 2-3 416 2,209 5.31 20 21 441.8 
105 Western Ky. 5 4-1 374 2,217 5.93 13 14 443.4 
106 Southern Miss. 5 3-2 370 2,218 5.99 15 16 443.6 
107 Nevada 5 2-3 372 2,221 5.97 17 18 444.2 
108 Virginia 4 1-3 280 1,781 6.36 15 17 445.3 
109 Maryland 5 2-3 403 2,247 5.58 21 21 449.4 
110 Arizona 5 3-2 384 2,266 5.90 22 22 453.2 
111 Rice 5 2-3 308 2,337 7.59 26 28 467.4 
112 Massachusetts 4 1-3 311 1,885 6.06 18 19 471.3 
113 Ball St. 5 2-3 375 2,359 6.29 20 21 471.8 
114 Bowling Green 5 3-2 410 2,412 5.88 21 22 482.4 
115 UTEP 5 2-3 336 2,454 7.30 23 26 490.8 
116 Georgia St. 4 1-3 330 1,978 5.99 15 19 494.5 
117 Eastern Mich. 5 1-4 377 2,480 6.58 25 26 496.0 
118 Indiana 5 4-1 371 2,513 6.77 20 21 502.6 
119 Texas 5 1-4 411 2,536 6.17 24 24 507.2 
120 North Texas 4 0-4 301 2,067 6.87 23 25 516.8 
121 Kansas 4 0-4 308 2,139 6.94 21 21 534.8 
122 Idaho 5 1-4 333 2,713 8.15 29 31 542.6 
123 New Mexico St. 4 0-4 324 2,176 6.72 22 24 544.0 
124 Texas Tech 5 3-2 418 2,905 6.95 27 27 581.0 
125 Texas St. 4 1-3 306 2,340 7.65 26 27 585.0 
126 Tulsa 4 2-2 343 2,364 6.89 20 20 591.0 
127 SMU 5 1-4 372 2,967 7.98 30 30 593.4 
Reclassifying - Charlotte 5 2-3 346 1,669 4.82 17 20 
333.8 