Rank Team G W-L Plays YDS Yds/Play Off TDs TDs YPG 
1 Baylor 4 4-0 317 2,981 9.40 36 14 745.3 
2 TCU 5 5-0 422 3,150 7.46 32 15 630.0 
3 Texas Tech 5 3-2 391 3,014 7.71 32 27 602.8 
4 Houston 4 4-0 346 2,410 6.97 22 12 602.5 
5 Cincinnati 5 3-2 433 2,936 6.78 23 18 587.2 
6 Bowling Green 5 3-2 427 2,903 6.80 25 22 580.6 
7 Tulsa 4 2-2 354 2,277 6.43 18 20 569.3 
8 Memphis 5 5-0 395 2,706 6.85 29 16 541.2 
9 Southern California 4 3-1 264 2,128 8.06 24 9 532.0 
10 California 5 5-0 394 2,639 6.70 26 16 527.8 
- Oregon 5 3-2 399 2,639 6.61 24 25 527.8 
12 Oklahoma 4 4-0 305 2,087 6.84 20 11 521.8 
13 Southern Miss. 5 3-2 357 2,571 7.20 26 16 514.2 
14 Notre Dame 5 4-1 348 2,562 7.36 24 14 512.4 
15 Arizona 5 3-2 387 2,537 6.56 27 22 507.4 
16 Louisiana Tech 5 3-2 372 2,518 6.77 22 14 503.6 
17 Ole Miss 5 4-1 358 2,502 6.99 27 14 500.4 
18 West Virginia 4 3-1 325 1,999 6.15 19 8 499.8 
19 Indiana 5 4-1 422 2,491 5.90 19 21 498.2 
20 Western Ky. 5 4-1 342 2,472 7.23 25 14 494.4 
21 Texas St. 4 1-3 312 1,941 6.22 18 27 485.3 
22 Oklahoma St. 5 5-0 372 2,416 6.49 22 12 483.2 
23 Texas A&M 5 5-0 368 2,402 6.53 22 12 480.4 
24 Arkansas 5 2-3 343 2,380 6.94 16 13 476.0 
25 Nebraska 5 2-3 369 2,370 6.42 18 14 474.0 
26 North Carolina 5 4-1 323 2,355 7.29 23 12 471.0 
27 Miami (FL) 4 3-1 282 1,843 6.54 15 10 460.8 
28 Boise St. 5 4-1 392 2,297 5.86 23 8 459.4 
29 UCLA 5 4-1 372 2,272 6.11 21 11 454.4 
30 Georgia 5 4-1 307 2,264 7.37 23 11 452.8 
31 Stanford 5 4-1 337 2,263 6.72 22 11 452.6 
32 Georgia St. 4 1-3 277 1,810 6.53 14 19 452.5 
33 Ohio St. 5 5-0 336 2,261 6.73 19 9 452.2 
34 Appalachian St. 4 3-1 276 1,789 6.48 17 7 447.3 
35 Middle Tenn. 5 2-3 401 2,227 5.55 22 14 445.4 
36 Massachusetts 4 1-3 310 1,780 5.74 12 19 445.0 
37 Alabama 5 4-1 379 2,219 5.85 22 9 443.8 
38 Colorado 5 3-2 408 2,218 5.44 19 13 443.6 
39 Colorado St. 5 2-3 383 2,211 5.77 19 13 442.2 
40 Ga. Southern 5 4-1 339 2,199 6.49 22 15 439.8 
- Mississippi St. 5 3-2 331 2,199 6.64 18 8 439.8 
- San Jose St. 5 2-3 362 2,199 6.07 20 20 439.8 
43 Georgia Tech 5 2-3 356 2,194 6.16 28 16 438.8 
44 Arizona St. 5 3-2 398 2,190 5.50 17 18 438.0 
45 Washington St. 4 2-2 296 1,751 5.92 14 14 437.8 
46 Rutgers 4 2-2 285 1,748 6.13 14 12 437.0 
47 LSU 4 4-0 248 1,726 6.96 16 11 431.5 
48 SMU 5 1-4 376 2,144 5.70 20 30 428.8 
49 North Carolina St. 5 4-1 367 2,142 5.84 28 8 428.4 
50 Rice 5 2-3 391 2,135 5.46 20 28 427.0 
51 East Carolina 5 3-2 363 2,130 5.87 22 19 426.0 
52 New Mexico St. 4 0-4 259 1,686 6.51 14 24 421.5 
53 Tennessee 5 2-3 381 2,089 5.48 20 15 417.8 
54 Air Force 4 2-2 278 1,670 6.01 16 12 417.5 
55 Wake Forest 5 2-3 386 2,070 5.36 13 12 414.0 
56 Vanderbilt 5 2-3 395 2,062 5.22 11 11 412.4 
57 La.-Lafayette 4 1-3 268 1,642 6.13 14 17 410.5 
58 New Mexico 5 3-2 348 2,051 5.89 21 15 410.2 
59 Fla. Atlantic 4 1-3 326 1,626 4.99 10 16 406.5 
60 Navy 4 4-0 262 1,624 6.20 19 7 406.0 
61 Florida St. 4 4-0 254 1,623 6.39 16 5 405.8 
62 Clemson 4 4-0 289 1,622 5.61 16 7 405.5 
63 Ball St. 5 2-3 381 2,021 5.30 15 21 404.2 
64 Duke 5 4-1 384 2,019 5.26 15 6 403.8 
65 Buffalo 5 2-3 382 2,018 5.28 13 14 403.6 
66 Iowa St. 4 2-2 289 1,613 5.58 12 10 403.3 
67 Western Mich. 4 1-3 284 1,601 5.64 12 18 400.3 
68 Illinois 5 4-1 407 2,001 4.92 17 10 400.2 
69 Eastern Mich. 5 1-4 327 1,997 6.11 20 26 399.4 
70 Purdue 5 1-4 381 1,986 5.21 18 21 397.2 
71 Wyoming 5 0-5 351 1,982 5.65 14 22 396.4 
72 Iowa 5 5-0 334 1,978 5.92 19 8 395.6 
73 Idaho 5 1-4 371 1,973 5.32 14 31 394.6 
74 Arkansas St. 5 2-3 371 1,972 5.32 19 21 394.4 
75 Florida 5 5-0 335 1,971 5.88 22 9 394.2 
76 Utah 4 4-0 284 1,574 5.54 15 10 393.5 
77 Michigan 5 4-1 359 1,963 5.47 17 5 392.6 
78 Kansas 4 0-4 307 1,565 5.10 9 21 391.3 
79 Northwestern 5 5-0 399 1,955 4.90 11 3 391.0 
80 Wisconsin 5 3-2 345 1,952 5.66 17 6 390.4 
81 BYU 5 3-2 373 1,941 5.20 13 15 388.2 
82 Louisville 5 2-3 361 1,940 5.37 16 12 388.0 
83 Toledo 4 4-0 292 1,548 5.30 11 5 387.0 
84 Virginia Tech 5 2-3 353 1,913 5.42 17 16 382.6 
85 Ohio 5 4-1 325 1,897 5.84 18 9 379.4 
86 Michigan St. 5 5-0 326 1,895 5.81 20 14 379.0 
87 UNLV 5 2-3 347 1,892 5.45 16 16 378.4 
88 Central Mich. 5 2-3 362 1,890 5.22 12 14 378.0 
89 South Fla. 4 1-3 273 1,507 5.52 13 12 376.8 
90 South Ala. 5 3-2 341 1,874 5.50 13 23 374.8 
91 UTSA 5 1-4 370 1,867 5.05 11 23 373.4 
92 Northern Ill. 5 2-3 371 1,847 4.98 16 13 369.4 
93 Army West Point 5 1-4 292 1,841 6.30 19 15 368.2 
94 Kansas St. 4 3-1 264 1,465 5.55 15 8 366.3 
95 Kentucky 5 4-1 335 1,828 5.46 16 13 365.6 
96 North Texas 4 0-4 298 1,460 4.90 7 25 365.0 
97 Nevada 5 2-3 351 1,804 5.14 14 18 360.8 
98 UTEP 5 2-3 340 1,791 5.27 12 26 358.2 
99 FIU 5 2-3 361 1,783 4.94 14 14 356.6 
100 Washington 4 2-2 239 1,424 5.96 13 7 356.0 
101 South Carolina 5 2-3 328 1,767 5.39 10 16 353.4 
102 Tulane 4 2-2 277 1,411 5.09 13 18 352.8 
103 Marshall 5 4-1 355 1,756 4.95 17 13 351.2 
104 Syracuse 4 3-1 246 1,403 5.70 13 9 350.8 
105 Miami (OH) 5 1-4 351 1,748 4.98 12 22 349.6 
106 Virginia 4 1-3 255 1,398 5.48 11 17 349.5 
107 Temple 4 4-0 274 1,393 5.08 12 7 348.3 
108 Akron 5 2-3 340 1,734 5.10 13 13 346.8 
109 Auburn 5 3-2 324 1,719 5.31 14 16 343.8 
110 Texas 5 1-4 311 1,693 5.44 12 24 338.6 
111 Oregon St. 4 2-2 274 1,353 4.94 10 14 338.3 
112 Minnesota 5 3-2 363 1,683 4.64 8 11 336.6 
113 Boston College 5 3-2 326 1,668 5.12 16 4 333.6 
114 Maryland 5 2-3 321 1,662 5.18 13 21 332.4 
115 Pittsburgh 4 3-1 251 1,323 5.27 12 9 330.8 
116 Penn St. 5 4-1 302 1,646 5.45 13 10 329.2 
117 Utah St. 4 2-2 264 1,312 4.97 6 10 328.0 
118 Kent St. 5 2-3 380 1,635 4.30 11 17 327.0 
119 Missouri 5 4-1 339 1,612 4.76 11 7 322.4 
120 San Diego St. 5 2-3 334 1,586 4.75 10 14 317.2 
121 La.-Monroe 4 1-3 267 1,215 4.55 11 18 303.8 
122 UConn 5 2-3 309 1,510 4.89 9 12 302.0 
123 Troy 4 1-3 238 1,199 5.04 10 16 299.8 
124 Old Dominion 5 2-3 327 1,481 4.53 11 20 296.2 
125 Fresno St. 5 1-4 333 1,459 4.38 13 28 291.8 
126 Hawaii 5 2-3 308 1,357 4.41 8 21 271.4 
127 UCF 5 0-5 336 1,332 3.96 10 17 266.4 
Reclassifying - Charlotte 5 2-3 386 1,656 4.29 6 20 
331.2 